%YAML:1.0
---
image_points: !!opencv-matrix
  rows: 11
  cols: 1
  dt: "2f"
  data: [
    85.661560, 641.212341,
    385.476929, 433.847778,
    369.230774, 317.664795,
    645.415283, 144.125702,
    701.538391, 138.243011,
    896.492249, 180.892456,
    946.707642, 211.776550,
    1027.938354, 339.724854,
    759.138428, 582.385498,
    98.953857, 273.544678,
    76.799988, 264.720673]
world_points: !!opencv-matrix
  rows: 11
  cols: 1
  dt: "3f"
  data: [
    43.605450, 1.448632, 0.0, # Fnac
    43.605026, 1.448012, 0.0, # c1
    43.604790, 1.448023, 0.0, # c2
    43.604374, 1.447412, 0.0, # c3
    43.604362, 1.447277, 0.0, # c4
    43.604469, 1.446902, 0.0, # c5
    43.604534, 1.446805, 0.0, # c6
    43.604824, 1.446698, 0.0, # c7
    43.605320, 1.447323, 0.0, # c8
    43.604691, 1.448546, 0.0, # pr
    43.604660, 1.448594, 0.0] # pl
